   1.00000000000000        1.61803399000000       0.000000000000000E+000
  -1.00000000000000        1.61803399000000       0.000000000000000E+000
   1.00000000000000       -1.61803399000000       0.000000000000000E+000
  -1.00000000000000       -1.61803399000000       0.000000000000000E+000
  0.000000000000000E+000   1.00000000000000        1.61803399000000     
  0.000000000000000E+000  -1.00000000000000        1.61803399000000     
  0.000000000000000E+000   1.00000000000000       -1.61803399000000     
  0.000000000000000E+000  -1.00000000000000       -1.61803399000000     
   1.61803399000000       0.000000000000000E+000   1.00000000000000     
  -1.61803399000000       0.000000000000000E+000   1.00000000000000     
   1.61803399000000       0.000000000000000E+000  -1.00000000000000     
  -1.61803399000000       0.000000000000000E+000  -1.00000000000000     
  1.110223024625157E-016   1.90211303365371       0.000000000000000E+000
  0.587785252323853        1.53884176940457       0.951056517080720     
  0.587785252323853        1.53884176940457      -0.951056517080720     
   1.53884176940457       0.951056517080720       0.587785252323852     
   1.53884176940457       0.951056517080720      -0.587785252323852     
 -0.587785252323853        1.53884176940457       0.951056517080720     
 -0.587785252323853        1.53884176940457      -0.951056517080720     
  -1.53884176940457       0.951056517080720       0.587785252323852     
  -1.53884176940457       0.951056517080720      -0.587785252323852     
  1.110223024625157E-016  -1.90211303365371       0.000000000000000E+000
  0.587785252323853       -1.53884176940457       0.951056517080720     
  0.587785252323853       -1.53884176940457      -0.951056517080720     
   1.53884176940457      -0.951056517080720       0.587785252323852     
   1.53884176940457      -0.951056517080720      -0.587785252323852     
 -0.587785252323853       -1.53884176940457       0.951056517080720     
 -0.587785252323853       -1.53884176940457      -0.951056517080720     
  -1.53884176940457      -0.951056517080720       0.587785252323852     
  -1.53884176940457      -0.951056517080720      -0.587785252323852     
  0.000000000000000E+000  1.110223024625157E-016   1.90211303365371     
  0.951056517080720       0.587785252323853        1.53884176940457     
 -0.951056517080720       0.587785252323853        1.53884176940457     
  0.951056517080720      -0.587785252323853        1.53884176940457     
 -0.951056517080720      -0.587785252323853        1.53884176940457     
  0.000000000000000E+000  1.110223024625157E-016  -1.90211303365371     
  0.951056517080720       0.587785252323853       -1.53884176940457     
 -0.951056517080720       0.587785252323853       -1.53884176940457     
  0.951056517080720      -0.587785252323853       -1.53884176940457     
 -0.951056517080720      -0.587785252323853       -1.53884176940457     
   1.90211303365371       0.000000000000000E+000  1.110223024625157E-016
  -1.90211303365371       0.000000000000000E+000  1.110223024625157E-016
